Destination_Control_V12_German.zip,131,1.325,2,11,12,19,20,21,22,27,31,35,36,74,78,123,127,130,150,151,162,163
Destination_Control_V12_French.zip,132,1.325,2,11,12,19,20,21,22,27,31,35,36,74,78,123,127,130,150,151,162,163
Destination_Control_V12_French_001.zip,132,1.325,2,11,12,19,20,21,22,27,31,35,36,74,78,123,127,130,150,151,162,163
Destination_Control_V12_French_002.zip,132,1.325,2,11,12,19,20,21,22,27,31,35,36,74,78,123,127,130,150,151,162,163
Destination_Control_V12_Dutch.zip,133,1.325,2,11,12,19,20,21,22,27,31,35,36,74,78,123,127,130,150,151,162,163
Destination_Control_V12_Dutch_001.zip,133,1.325,2,11,12,19,20,21,22,27,31,35,36,74,78,123,127,130,150,151,162,163
Destination_Control_V12_Dutch_002.zip,133,1.325,2,11,12,19,20,21,22,27,31,35,36,74,78,123,127,130,150,151,162,163
Destination_Control_V12_Czech.zip,134,1.325,2,11,12,19,20,21,22,27,31,35,36,74,78,123,127,130,150,151,162,163
Destination_Control_V12_Spanish.zip,135,1.325,2,11,12,19,20,21,22,27,31,35,36,74,78,123,127,130,150,151,162,163
Destination_Control_V12_Hungarian.zip,136,1.325,2,11,12,19,20,21,22,27,31,35,36,74,78,123,127,130,150,151,162,163
Destination_Control_V12_Italian.zip,137,1.325,2,11,12,19,20,21,22,27,31,35,36,74,78,123,127,130,150,151,162,163
Destination_Control_V12_Norwegian.zip,138,1.325,2,11,12,19,20,21,22,27,31,35,36,74,78,123,127,130,150,151,162,163
Destination_Control_V12_Polish.zip,139,1.325,2,11,12,19,20,21,22,27,31,35,36,74,78,123,127,130,150,151,162,163
Destination_Control_V12_Portuguese.zip,140,1.325,2,11,12,19,20,21,22,27,31,35,36,74,78,123,127,130,150,151,162,163
Destination_Control_V12_Portuguese-Brazilian.zip,141,1.325,2,11,12,19,20,21,22,27,31,35,36,74,78,123,127,130,150,151,162,163
Destination_Control_V12_Romanian.zip,142,1.325,2,11,12,19,20,21,22,27,31,35,36,74,78,123,127,130,150,151,162,163
Destination_Control_V12_Swedish.zip,143,1.325,2,11,12,19,20,21,22,27,31,35,36,74,78,123,127,130,150,151,162,163
Destination_Control_V12_Turkish.zip,144,1.325,2,11,12,19,20,21,22,27,31,35,36,74,78,123,127,130,150,151,162,163
Destination_Control_V12_Chinese-Simplified.zip,145,1.325,2,11,12,19,20,21,22,27,31,35,36,74,78,123,127,130,150,151,162,163
