#Destination_Control_V12SP1_German.zip,131,1.325,2,11,12,19,20,21,22,27,31,35,36,74,78,123,127,130,150,151,162,163
Destination_Control_V12SP1_German_001.zip,131,1.325,2,11,12,19,20,21,22,27,31,35,36,74,78,123,127,130,150,151,162,163
Destination_Control_V12SP1_French.zip,132,1.325,2,11,12,19,20,21,22,27,31,35,36,74,78,123,127,130,150,151,162,163
Destination_Control_V12SP1_French_001.zip,132,1.325,2,11,12,19,20,21,22,27,31,35,36,74,78,123,127,130,150,151,162,163
Destination_Control_V12SP1_Dutch.zip,133,1.325,2,11,12,19,20,21,22,27,31,35,36,74,78,123,127,130,150,151,162,163
Destination_Control_V12SP1_Dutch_001.zip,133,1.325,2,11,12,19,20,21,22,27,31,35,36,74,78,123,127,130,150,151,162,163
Destination_Control_V12SP1_Czech.zip,134,1.325,2,11,12,19,20,21,22,27,31,35,36,74,78,123,127,130,150,151,162,163
Destination_Control_V12SP1_Czech_001.zip,134,1.325,2,11,12,19,20,21,22,27,31,35,36,74,78,123,127,130,150,151,162,163
Destination_Control_V12SP1_Spanish.zip,135,1.325,2,11,12,19,20,21,22,27,31,35,36,74,78,123,127,130,150,151,162,163
Destination_Control_V12SP1_Spanish_001.zip,135,1.325,2,11,12,19,20,21,22,27,31,35,36,74,78,123,127,130,150,151,162,163
Destination_Control_V12SP1_Hungarian.zip,136,1.325,2,11,12,19,20,21,22,27,31,35,36,74,78,123,127,130,150,151,162,163
Destination_Control_V12SP1_Hungarian_001.zip,136,1.325,2,11,12,19,20,21,22,27,31,35,36,74,78,123,127,130,150,151,162,163
Destination_Control_V12SP1_Italian.zip,137,1.325,2,11,12,19,20,21,22,27,31,35,36,74,78,123,127,130,150,151,162,163
Destination_Control_V12SP1_Italian_001.zip,137,1.325,2,11,12,19,20,21,22,27,31,35,36,74,78,123,127,130,150,151,162,163
Destination_Control_V12SP1_Norwegian.zip,138,1.325,2,11,12,19,20,21,22,27,31,35,36,74,78,123,127,130,150,151,162,163
Destination_Control_V12SP1_Norwegian_001.zip,138,1.325,2,11,12,19,20,21,22,27,31,35,36,74,78,123,127,130,150,151,162,163
Destination_Control_V12SP1_Polish.zip,139,1.325,2,11,12,19,20,21,22,27,31,35,36,74,78,123,127,130,150,151,162,163
Destination_Control_V12SP1_Polish_001.zip,139,1.325,2,11,12,19,20,21,22,27,31,35,36,74,78,123,127,130,150,151,162,163
Destination_Control_V12SP1_Portuguese.zip,140,1.325,2,11,12,19,20,21,22,27,31,35,36,74,78,123,127,130,150,151,162,163
Destination_Control_V12SP1_Portuguese_001.zip,140,1.325,2,11,12,19,20,21,22,27,31,35,36,74,78,123,127,130,150,151,162,163
Destination_Control_V12SP1_Portuguese-Brazilian.zip,141,1.325,2,11,12,19,20,21,22,27,31,35,36,74,78,123,127,130,150,151,162,163
Destination_Control_V12SP1_Portuguese-Brazilian_001.zip,141,1.325,2,11,12,19,20,21,22,27,31,35,36,74,78,123,127,130,150,151,162,163
Destination_Control_V12SP1_Romanian.zip,142,1.325,2,11,12,19,20,21,22,27,31,35,36,74,78,123,127,130,150,151,162,163
Destination_Control_V12SP1_Romanian_001.zip,142,1.325,2,11,12,19,20,21,22,27,31,35,36,74,78,123,127,130,150,151,162,163
Destination_Control_V12SP1_Swedish.zip,143,1.325,2,11,12,19,20,21,22,27,31,35,36,74,78,123,127,130,150,151,162,163
Destination_Control_V12SP1_Swedish_001.zip,143,1.325,2,11,12,19,20,21,22,27,31,35,36,74,78,123,127,130,150,151,162,163
Destination_Control_V12SP1_Turkish.zip,144,1.325,2,11,12,19,20,21,22,27,31,35,36,74,78,123,127,130,150,151,162,163
Destination_Control_V12SP1_Turkish_001.zip,144,1.325,2,11,12,19,20,21,22,27,31,35,36,74,78,123,127,130,150,151,162,163
Destination_Control_V12SP1_Chinese-Simplified.zip,145,1.325,2,11,12,19,20,21,22,27,31,35,36,74,78,123,127,130,150,151,162,163
Destination_Control_V12SP1_Chinese-Simplified_001.zip,145,1.325,2,11,12,19,20,21,22,27,31,35,36,74,78,123,127,130,150,151,162,163
