Destination_Control_V12SP2_German.zip,131,1.325,2,9,10,11,12,13,14,15,19,20,21,22,25,27,31,32,33,34,35,36,74,78,123,127,130,150,151,162,163
Destination_Control_V12SP2_German_001.zip,131,1.325,2,9,10,11,12,13,14,15,19,20,21,22,25,27,31,32,33,34,35,36,74,78,123,127,130,150,151,162,163
Destination_Control_V12SP2_French.zip,132,1.325,2,9,10,11,12,13,14,15,19,20,21,22,25,27,31,32,33,34,35,36,74,78,123,127,130,150,151,162,163
Destination_Control_V12SP2_French_001.zip,132,1.325,2,9,10,11,12,13,14,15,19,20,21,22,25,27,31,32,33,34,35,36,74,78,123,127,130,150,151,162,163
Destination_Control_V12SP2_Dutch.zip,133,1.325,2,9,10,11,12,13,14,15,19,20,21,22,25,27,31,32,33,34,35,36,74,78,123,127,130,150,151,162,163
Destination_Control_V12SP2_Dutch_001.zip,133,1.325,2,9,10,11,12,13,14,15,19,20,21,22,25,27,31,32,33,34,35,36,74,78,123,127,130,150,151,162,163
Destination_Control_V12SP2_Czech.zip,134,1.325,2,9,10,11,12,13,14,15,19,20,21,22,25,27,31,32,33,34,35,36,74,78,123,127,130,150,151,162,163
Destination_Control_V12SP2_Spanish.zip,135,1.325,2,9,10,11,12,13,14,15,19,20,21,22,25,27,31,32,33,34,35,36,74,78,123,127,130,150,151,162,163
Destination_Control_V12SP2_Spanish_001.zip,135,1.325,2,9,10,11,12,13,14,15,19,20,21,22,25,27,31,32,33,34,35,36,74,78,123,127,130,150,151,162,163
Destination_Control_V12SP2_Hungarian.zip,136,1.325,2,9,10,11,12,13,14,15,19,20,21,22,25,27,31,32,33,34,35,36,74,78,123,127,130,150,151,162,163
Destination_Control_V12SP2_Hungarian_001.zip,136,1.325,2,9,10,11,12,13,14,15,19,20,21,22,25,27,31,32,33,34,35,36,74,78,123,127,130,150,151,162,163
Destination_Control_V12SP2_Italian.zip,137,1.325,2,9,10,11,12,13,14,15,19,20,21,22,25,27,31,32,33,34,35,36,74,78,123,127,130,150,151,162,163
Destination_Control_V12SP2_Italian_001.zip,137,1.325,2,9,10,11,12,13,14,15,19,20,21,22,25,27,31,32,33,34,35,36,74,78,123,127,130,150,151,162,163
Destination_Control_V12SP2_Norwegian.zip,138,1.325,2,9,10,11,12,13,14,15,19,20,21,22,25,27,31,32,33,34,35,36,74,78,123,127,130,150,151,162,163
Destination_Control_V12SP2_Norwegian_001.zip,138,1.325,2,9,10,11,12,13,14,15,19,20,21,22,25,27,31,32,33,34,35,36,74,78,123,127,130,150,151,162,163
Destination_Control_V12SP2_Polish.zip,139,1.325,2,9,10,11,12,13,14,15,19,20,21,22,25,27,31,32,33,34,35,36,74,78,123,127,130,150,151,162,163
Destination_Control_V12SP2_Polish_001.zip,139,1.325,2,9,10,11,12,13,14,15,19,20,21,22,25,27,31,32,33,34,35,36,74,78,123,127,130,150,151,162,163
Destination_Control_V12SP2_Portuguese.zip,140,1.325,2,9,10,11,12,13,14,15,19,20,21,22,25,27,31,32,33,34,35,36,74,78,123,127,130,150,151,162,163
Destination_Control_V12SP2_Portuguese_001.zip,140,1.325,2,9,10,11,12,13,14,15,19,20,21,22,25,27,31,32,33,34,35,36,74,78,123,127,130,150,151,162,163
Destination_Control_V12SP2_Portuguese-Brazilian.zip,141,1.325,2,9,10,11,12,13,14,15,19,20,21,22,25,27,31,32,33,34,35,36,74,78,123,127,130,150,151,162,163
Destination_Control_V12SP2_Portuguese-Brazilian_001.zip,141,1.325,2,9,10,11,12,13,14,15,19,20,21,22,25,27,31,32,33,34,35,36,74,78,123,127,130,150,151,162,163
Destination_Control_V12SP2_Romanian.zip,142,1.325,2,9,10,11,12,13,14,15,19,20,21,22,25,27,31,32,33,34,35,36,74,78,123,127,130,150,151,162,163
Destination_Control_V12SP2_Romanian_001.zip,142,1.325,2,9,10,11,12,13,14,15,19,20,21,22,25,27,31,32,33,34,35,36,74,78,123,127,130,150,151,162,163
Destination_Control_V12SP2_Swedish.zip,143,1.325,2,9,10,11,12,13,14,15,19,20,21,22,25,27,31,32,33,34,35,36,74,78,123,127,130,150,151,162,163
Destination_Control_V12SP2_Swedish_001.zip,143,1.325,2,9,10,11,12,13,14,15,19,20,21,22,25,27,31,32,33,34,35,36,74,78,123,127,130,150,151,162,163
Destination_Control_V12SP2_Turkish.zip,144,1.325,2,9,10,11,12,13,14,15,19,20,21,22,25,27,31,32,33,34,35,36,74,78,123,127,130,150,151,162,163
Destination_Control_V12SP2_Turkish_001.zip,144,1.325,2,9,10,11,12,13,14,15,19,20,21,22,25,27,31,32,33,34,35,36,74,78,123,127,130,150,151,162,163
Destination_Control_V12SP2_Chinese-Simplified.zip,145,1.325,2,9,10,11,12,13,14,15,19,20,21,22,25,27,31,32,33,34,35,36,74,78,123,127,130,150,151,162,163
Destination_Control_V12SP2_Chinese-Simplified_001.zip,145,1.325,2,9,10,11,12,13,14,15,19,20,21,22,25,27,31,32,33,34,35,36,74,78,123,127,130,150,151,162,163
